name: kraken2
channels:
  - bioconda
  - r
  - defaults
  - conda-forge
dependencies:
  - _libgcc_mutex=0.1=conda_forge
  - _openmp_mutex=4.5=2_gnu
  - bbmap=38.98=h5c4e2a8_1
  - blast=2.13.0=hf3cf87c_0
  - bzip2=1.0.8=h7b6447c_0
  - c-ares=1.18.1=h7f8727e_0
  - ca-certificates=2022.07.19=h06a4308_0
  - curl=7.84.0=h5eee18b_0
  - dbus=1.13.18=hb2f20db_0
  - entrez-direct=16.2=he881be0_1
  - expat=2.4.4=h295c915_0
  - freetype=2.11.0=h70c0345_0
  - glib=2.69.1=h4ff587b_1
  - htslib=1.15.1=h9753748_0
  - kraken2=2.1.2=pl5321h9f5acd7_2
  - krb5=1.19.2=hac12032_0
  - libcurl=7.84.0=h91b91d3_0
  - libdeflate=1.10=h7f98852_0
  - libedit=3.1.20210910=h7f8727e_0
  - libev=4.33=h7f8727e_1
  - libffi=3.3=he6710b0_2
  - libgcc-ng=12.1.0=h8d9b700_16
  - libgomp=12.1.0=h8d9b700_16
  - libiconv=1.16=h7f8727e_2
  - libidn2=2.3.2=h7f8727e_0
  - libnghttp2=1.46.0=hce63b2e_0
  - libnsl=2.0.0=h7f98852_0
  - libpng=1.6.37=hbc83047_0
  - libssh2=1.10.0=h8f2d780_0
  - libstdcxx-ng=12.1.0=ha89aaad_16
  - libunistring=0.9.10=h27cfd23_0
  - libxcb=1.15=h7f8727e_0
  - libzlib=1.2.12=h166bdaf_2
  - lz4-c=1.9.3=h295c915_1
  - ncurses=6.3=h5eee18b_3
  - openjdk=11.0.13=h87a67e3_0
  - openssl=1.1.1q=h7f8727e_0
  - pbzip2=1.1.13=0
  - pcre=8.45=h295c915_0
  - perl=5.32.1=2_h7f98852_perl5
  - perl-archive-tar=2.40=pl5321hdfd78af_0
  - perl-carp=1.38=pl5321hdfd78af_4
  - perl-common-sense=3.75=pl5321hdfd78af_0
  - perl-compress-raw-bzip2=2.201=pl5321h87f3376_1
  - perl-compress-raw-zlib=2.105=pl5321h87f3376_0
  - perl-encode=3.19=pl5321hec16e2b_1
  - perl-exporter=5.72=pl5321hdfd78af_2
  - perl-exporter-tiny=1.002002=pl5321hdfd78af_0
  - perl-extutils-makemaker=6.66=0
  - perl-io-compress=2.106=pl5321h87f3376_1
  - perl-io-zlib=1.11=pl5321hdfd78af_0
  - perl-json=4.09=pl5321hdfd78af_0
  - perl-json-xs=2.34=pl5321h9f5acd7_5
  - perl-list-moreutils=0.430=pl5321hdfd78af_0
  - perl-list-moreutils-xs=0.430=pl5321hec16e2b_1
  - perl-parent=0.236=pl5321hdfd78af_2
  - perl-pathtools=3.75=pl5321hec16e2b_3
  - perl-scalar-list-utils=1.62=pl5321hec16e2b_1
  - perl-threaded=5.32.1=hdfd78af_1
  - perl-types-serialiser=1.01=pl5321hdfd78af_0
  - popt=1.16=1
  - rsync=3.2.3=hfa40b15_4
  - samtools=1.15.1=h1170115_0
  - tar=1.34=ha1f6473_0
  - wget=1.21.3=h0b77cf5_0
  - xxhash=0.8.0=h7f8727e_3
  - xz=5.2.5=h7f8727e_1
  - zlib=1.2.12=h7f8727e_2
  - zstd=1.5.2=ha4553b6_0
prefix: /home/kwalter/.conda/envs/kraken2
